epoch: 79
metric:
  ms-ssim: 0.9584826485055392
  psnr: 30.4859619140625
