epoch: 69
metric:
  ms-ssim: 0.9579955554399334
  psnr: 30.415479316086067
