epoch: 29
metric:
  ms-ssim: 0.9759324969667377
  psnr: 32.62056847774621
