epoch: 89
metric:
  ms-ssim: 0.9585972144955495
  psnr: 30.5030017289959
